3.00E-07	0.01975
3.01E-07	0.01951
3.02E-07	0.01928
3.03E-07	0.01904
3.04E-07	0.01881
3.05E-07	0.01857
3.06E-07	0.01834
3.07E-07	0.0181
3.08E-07	0.01787
3.09E-07	0.01763
3.10E-07	0.0174
3.11E-07	0.01716
3.12E-07	0.01693
3.13E-07	0.01669
3.14E-07	0.01646
3.15E-07	0.01622
3.16E-07	0.01599
3.17E-07	0.01575
3.18E-07	0.01552
3.19E-07	0.01528
3.20E-07	0.01505
3.21E-07	0.01481
3.22E-07	0.01458
3.23E-07	0.01434
3.24E-07	0.01411
3.25E-07	0.01387
3.26E-07	0.01364
3.27E-07	0.0134
3.28E-07	0.01317
3.29E-07	0.01293
3.30E-07	0.0127
3.31E-07	0.01246
3.32E-07	0.01223
3.33E-07	0.01199
3.34E-07	0.01176
3.35E-07	0.01152
3.36E-07	0.01129
3.37E-07	0.01105
3.38E-07	0.01082
3.39E-07	0.01058
3.40E-07	0.01035
3.41E-07	0.01011
3.42E-07	0.00988
3.43E-07	0.00964
3.44E-07	0.00941
3.45E-07	0.00917
3.46E-07	0.00894
3.47E-07	0.0087
3.48E-07	0.00847
3.49E-07	0.00823
3.50E-07	0.008
3.51E-07	0.00803
3.52E-07	0.00805
3.53E-07	0.00808
3.54E-07	0.00811
3.55E-07	0.00814
3.56E-07	0.00816
3.57E-07	0.00819
3.58E-07	0.00822
3.59E-07	0.00825
3.60E-07	0.00827
3.61E-07	0.0083
3.62E-07	0.00833
3.63E-07	0.00836
3.64E-07	0.00838
3.65E-07	0.00841
3.66E-07	0.00844
3.67E-07	0.00847
3.68E-07	0.00849
3.69E-07	0.00852
3.70E-07	0.00855
3.71E-07	0.00858
3.72E-07	0.0086
3.73E-07	0.00863
3.74E-07	0.00866
3.75E-07	0.00868
3.76E-07	0.00871
3.77E-07	0.00874
3.78E-07	0.00877
3.79E-07	0.00879
3.80E-07	0.00882
3.81E-07	0.00885
3.82E-07	0.00888
3.83E-07	0.0089
3.84E-07	0.00893
3.85E-07	0.00896
3.86E-07	0.00899
3.87E-07	0.00901
3.88E-07	0.00904
3.89E-07	0.00907
3.90E-07	0.0091
3.91E-07	0.00912
3.92E-07	0.00915
3.93E-07	0.00918
3.94E-07	0.00921
3.95E-07	0.00923
3.96E-07	0.00926
3.97E-07	0.00929
3.98E-07	0.00932
3.99E-07	0.00934
4.00E-07	0.00937
4.01E-07	0.00943
4.02E-07	0.00949
4.03E-07	0.00956
4.04E-07	0.00962
4.05E-07	0.00968
4.06E-07	0.00974
4.07E-07	0.0098
4.08E-07	0.00986
4.09E-07	0.00993
4.10E-07	0.00999
4.11E-07	0.01005
4.12E-07	0.01011
4.13E-07	0.01017
4.14E-07	0.01024
4.15E-07	0.0103
4.16E-07	0.01036
4.17E-07	0.01042
4.18E-07	0.01048
4.19E-07	0.01055
4.20E-07	0.01061
4.21E-07	0.01067
4.22E-07	0.01073
4.23E-07	0.01079
4.24E-07	0.01085
4.25E-07	0.01092
4.26E-07	0.01098
4.27E-07	0.01104
4.28E-07	0.0111
4.29E-07	0.01116
4.30E-07	0.01123
4.31E-07	0.01129
4.32E-07	0.01135
4.33E-07	0.01141
4.34E-07	0.01147
4.35E-07	0.01154
4.36E-07	0.0116
4.37E-07	0.01166
4.38E-07	0.01172
4.39E-07	0.01178
4.40E-07	0.01184
4.41E-07	0.01191
4.42E-07	0.01197
4.43E-07	0.01203
4.44E-07	0.01209
4.45E-07	0.01215
4.46E-07	0.01222
4.47E-07	0.01228
4.48E-07	0.01234
4.49E-07	0.0124
4.50E-07	0.01246
4.51E-07	0.01261
4.52E-07	0.01277
4.53E-07	0.01292
4.54E-07	0.01307
4.55E-07	0.01322
4.56E-07	0.01337
4.57E-07	0.01352
4.58E-07	0.01367
4.59E-07	0.01382
4.60E-07	0.01397
4.61E-07	0.01412
4.62E-07	0.01427
4.63E-07	0.01442
4.64E-07	0.01457
4.65E-07	0.01472
4.66E-07	0.01488
4.67E-07	0.01503
4.68E-07	0.01518
4.69E-07	0.01533
4.70E-07	0.01548
4.71E-07	0.01563
4.72E-07	0.01578
4.73E-07	0.01593
4.74E-07	0.01608
4.75E-07	0.01623
4.76E-07	0.01638
4.77E-07	0.01653
4.78E-07	0.01668
4.79E-07	0.01683
4.80E-07	0.01699
4.81E-07	0.01714
4.82E-07	0.01729
4.83E-07	0.01744
4.84E-07	0.01759
4.85E-07	0.01774
4.86E-07	0.01789
4.87E-07	0.01804
4.88E-07	0.01819
4.89E-07	0.01834
4.90E-07	0.01849
4.91E-07	0.01864
4.92E-07	0.01879
4.93E-07	0.01894
4.94E-07	0.0191
4.95E-07	0.01925
4.96E-07	0.0194
4.97E-07	0.01955
4.98E-07	0.0197
4.99E-07	0.01985
5.00E-07	0.02
5.01E-07	0.0202
5.02E-07	0.02041
5.03E-07	0.02061
5.04E-07	0.02082
5.05E-07	0.02102
5.06E-07	0.02122
5.07E-07	0.02143
5.08E-07	0.02163
5.09E-07	0.02183
5.10E-07	0.02204
5.11E-07	0.02224
5.12E-07	0.02245
5.13E-07	0.02265
5.14E-07	0.02285
5.15E-07	0.02306
5.16E-07	0.02326
5.17E-07	0.02347
5.18E-07	0.02367
5.19E-07	0.02387
5.20E-07	0.02408
5.21E-07	0.02428
5.22E-07	0.02448
5.23E-07	0.02469
5.24E-07	0.02489
5.25E-07	0.0251
5.26E-07	0.0253
5.27E-07	0.0255
5.28E-07	0.02571
5.29E-07	0.02591
5.30E-07	0.02611
5.31E-07	0.02632
5.32E-07	0.02652
5.33E-07	0.02673
5.34E-07	0.02693
5.35E-07	0.02713
5.36E-07	0.02734
5.37E-07	0.02754
5.38E-07	0.02775
5.39E-07	0.02795
5.40E-07	0.02815
5.41E-07	0.02836
5.42E-07	0.02856
5.43E-07	0.02876
5.44E-07	0.02897
5.45E-07	0.02917
5.46E-07	0.02938
5.47E-07	0.02958
5.48E-07	0.02978
5.49E-07	0.02999
5.50E-07	0.03019
5.51E-07	0.03047
5.52E-07	0.03075
5.53E-07	0.03104
5.54E-07	0.03132
5.55E-07	0.0316
5.56E-07	0.03188
5.57E-07	0.03216
5.58E-07	0.03244
5.59E-07	0.03272
5.60E-07	0.03301
5.61E-07	0.03329
5.62E-07	0.03357
5.63E-07	0.03385
5.64E-07	0.03413
5.65E-07	0.03441
5.66E-07	0.03469
5.67E-07	0.03497
5.68E-07	0.03526
5.69E-07	0.03554
5.70E-07	0.03582
5.71E-07	0.0361
5.72E-07	0.03638
5.73E-07	0.03666
5.74E-07	0.03694
5.75E-07	0.03723
5.76E-07	0.03751
5.77E-07	0.03779
5.78E-07	0.03807
5.79E-07	0.03835
5.80E-07	0.03863
5.81E-07	0.03891
5.82E-07	0.03919
5.83E-07	0.03948
5.84E-07	0.03976
5.85E-07	0.04004
5.86E-07	0.04032
5.87E-07	0.0406
5.88E-07	0.04088
5.89E-07	0.04116
5.90E-07	0.04145
5.91E-07	0.04173
5.92E-07	0.04201
5.93E-07	0.04229
5.94E-07	0.04257
5.95E-07	0.04285
5.96E-07	0.04313
5.97E-07	0.04342
5.98E-07	0.0437
5.99E-07	0.04398
6.00E-07	0.04426
6.01E-07	0.04454
6.02E-07	0.04482
6.03E-07	0.0451
6.04E-07	0.04538
6.05E-07	0.04567
6.06E-07	0.04595
6.07E-07	0.04623
6.08E-07	0.04651
6.09E-07	0.04679
6.10E-07	0.04707
6.11E-07	0.04735
6.12E-07	0.04764
6.13E-07	0.04792
6.14E-07	0.0482
6.15E-07	0.04848
6.16E-07	0.04876
6.17E-07	0.04904
6.18E-07	0.04932
6.19E-07	0.04961
6.20E-07	0.04989
6.21E-07	0.05017
6.22E-07	0.05045
6.23E-07	0.05073
6.24E-07	0.05101
6.25E-07	0.05129
6.26E-07	0.05157
6.27E-07	0.05186
6.28E-07	0.05214
6.29E-07	0.05242
6.30E-07	0.0527
6.31E-07	0.05298
6.32E-07	0.05326
6.33E-07	0.05354
6.34E-07	0.05383
6.35E-07	0.05411
6.36E-07	0.05439
6.37E-07	0.05467
6.38E-07	0.05495
6.39E-07	0.05523
6.40E-07	0.05551
6.41E-07	0.0558
6.42E-07	0.05608
6.43E-07	0.05636
6.44E-07	0.05664
6.45E-07	0.05692
6.46E-07	0.0572
6.47E-07	0.05748
6.48E-07	0.05776
6.49E-07	0.05805
6.50E-07	0.05833
6.51E-07	0.05861
6.52E-07	0.05889
6.53E-07	0.05917
6.54E-07	0.05945
6.55E-07	0.05973
6.56E-07	0.06002
6.57E-07	0.0603
6.58E-07	0.06058
6.59E-07	0.06086
6.60E-07	0.06114
6.61E-07	0.06142
6.62E-07	0.0617
6.63E-07	0.06198
6.64E-07	0.06227
6.65E-07	0.06255
6.66E-07	0.06283
6.67E-07	0.06311
6.68E-07	0.06339
6.69E-07	0.06367
6.70E-07	0.06395
6.71E-07	0.06424
6.72E-07	0.06452
6.73E-07	0.0648
6.74E-07	0.06508
6.75E-07	0.06536
6.76E-07	0.06564
6.77E-07	0.06592
6.78E-07	0.06621
6.79E-07	0.06649
6.80E-07	0.06677
6.81E-07	0.06705
6.82E-07	0.06733
6.83E-07	0.06761
6.84E-07	0.06789
6.85E-07	0.06817
6.86E-07	0.06846
6.87E-07	0.06874
6.88E-07	0.06902
6.89E-07	0.0693
6.90E-07	0.06958
6.91E-07	0.06986
6.92E-07	0.07014
6.93E-07	0.07043
6.94E-07	0.07071
6.95E-07	0.07099
6.96E-07	0.07127
6.97E-07	0.07155
6.98E-07	0.07183
6.99E-07	0.07211
7.00E-07	0.0724
7.01E-07	0.07273
7.02E-07	0.07306
7.03E-07	0.07339
7.04E-07	0.07373
7.05E-07	0.07406
7.06E-07	0.07439
7.07E-07	0.07473
7.08E-07	0.07506
7.09E-07	0.07539
7.10E-07	0.07573
7.11E-07	0.07606
7.12E-07	0.07639
7.13E-07	0.07673
7.14E-07	0.07706
7.15E-07	0.07739
7.16E-07	0.07773
7.17E-07	0.07806
7.18E-07	0.07839
7.19E-07	0.07873
7.20E-07	0.07906
7.21E-07	0.07939
7.22E-07	0.07973
7.23E-07	0.08006
7.24E-07	0.08039
7.25E-07	0.08073
7.26E-07	0.08106
7.27E-07	0.08139
7.28E-07	0.08173
7.29E-07	0.08206
7.30E-07	0.08239
7.31E-07	0.08273
7.32E-07	0.08306
7.33E-07	0.08339
7.34E-07	0.08373
7.35E-07	0.08406
7.36E-07	0.08439
7.37E-07	0.08473
7.38E-07	0.08506
7.39E-07	0.08539
7.40E-07	0.08572
7.41E-07	0.08606
7.42E-07	0.08639
7.43E-07	0.08672
7.44E-07	0.08706
7.45E-07	0.08739
7.46E-07	0.08772
7.47E-07	0.08806
7.48E-07	0.08839
7.49E-07	0.08872
7.50E-07	0.08906
7.51E-07	0.08934
7.52E-07	0.08963
7.53E-07	0.08992
7.54E-07	0.0902
7.55E-07	0.09049
7.56E-07	0.09077
7.57E-07	0.09106
7.58E-07	0.09135
7.59E-07	0.09163
7.60E-07	0.09192
7.61E-07	0.09221
7.62E-07	0.09249
7.63E-07	0.09278
7.64E-07	0.09306
7.65E-07	0.09335
7.66E-07	0.09364
7.67E-07	0.09392
7.68E-07	0.09421
7.69E-07	0.09449
7.70E-07	0.09478
7.71E-07	0.09507
7.72E-07	0.09535
7.73E-07	0.09564
7.74E-07	0.09592
7.75E-07	0.09621
7.76E-07	0.0965
7.77E-07	0.09678
7.78E-07	0.09707
7.79E-07	0.09736
7.80E-07	0.09764
7.81E-07	0.09793
7.82E-07	0.09821
7.83E-07	0.0985
7.84E-07	0.09879
7.85E-07	0.09907
7.86E-07	0.09936
7.87E-07	0.09964
7.88E-07	0.09993
7.89E-07	0.10022
7.90E-07	0.1005
7.91E-07	0.10079
7.92E-07	0.10108
7.93E-07	0.10136
7.94E-07	0.10165
7.95E-07	0.10193
7.96E-07	0.10222
7.97E-07	0.10251
7.98E-07	0.10279
7.99E-07	0.10308
8.00E-07	0.10336
