3.00E-07	1.70023
3.01E-07	1.69667
3.02E-07	1.69355
3.03E-07	1.69099
3.04E-07	1.68843
3.05E-07	1.68587
3.06E-07	1.68239
3.07E-07	1.67883
3.08E-07	1.67527
3.09E-07	1.67279
3.10E-07	1.67115
3.11E-07	1.66951
3.12E-07	1.66787
3.13E-07	1.66539
3.14E-07	1.66283
3.15E-07	1.66027
3.16E-07	1.65808
3.17E-07	1.65644
3.18E-07	1.6548
3.19E-07	1.65316
3.20E-07	1.65152
3.21E-07	1.64988
3.22E-07	1.64824
3.23E-07	1.64669
3.24E-07	1.6459
3.25E-07	1.64511
3.26E-07	1.64432
3.27E-07	1.64326
3.28E-07	1.64162
3.29E-07	1.63998
3.30E-07	1.63834
3.31E-07	1.6367
3.32E-07	1.63506
3.33E-07	1.63342
3.34E-07	1.6318
3.35E-07	1.6318
3.36E-07	1.6318
3.37E-07	1.6318
3.38E-07	1.63167
3.39E-07	1.63003
3.40E-07	1.62839
3.41E-07	1.62675
3.42E-07	1.62511
3.43E-07	1.62347
3.44E-07	1.62182
3.45E-07	1.62018
3.46E-07	1.61921
3.47E-07	1.61842
3.48E-07	1.61763
3.49E-07	1.61684
3.50E-07	1.61605
3.51E-07	1.61526
3.52E-07	1.61447
3.53E-07	1.61368
3.54E-07	1.61289
3.55E-07	1.6121
3.56E-07	1.61131
3.57E-07	1.61052
3.58E-07	1.60973
3.59E-07	1.60894
3.60E-07	1.60815
3.61E-07	1.60684
3.62E-07	1.6052
3.63E-07	1.60356
3.64E-07	1.60192
3.65E-07	1.6011
3.66E-07	1.60031
3.67E-07	1.59952
3.68E-07	1.59873
3.69E-07	1.59794
3.70E-07	1.59715
3.71E-07	1.59636
3.72E-07	1.59557
3.73E-07	1.59478
3.74E-07	1.59399
3.75E-07	1.5932
3.76E-07	1.59241
3.77E-07	1.59162
3.78E-07	1.59083
3.79E-07	1.59004
3.80E-07	1.58857
3.81E-07	1.58693
3.82E-07	1.58529
3.83E-07	1.58389
3.84E-07	1.58389
3.85E-07	1.58389
3.86E-07	1.58389
3.87E-07	1.58354
3.88E-07	1.5819
3.89E-07	1.58026
3.90E-07	1.57862
3.91E-07	1.57746
3.92E-07	1.57667
3.93E-07	1.57588
3.94E-07	1.57509
3.95E-07	1.5743
3.96E-07	1.57351
3.97E-07	1.57272
3.98E-07	1.57193
3.99E-07	1.57114
4.00E-07	1.57035
4.01E-07	1.56956
4.02E-07	1.56877
4.03E-07	1.56798
4.04E-07	1.56719
4.05E-07	1.5664
4.06E-07	1.56561
4.07E-07	1.56482
4.08E-07	1.56403
4.09E-07	1.56324
4.10E-07	1.56293
4.11E-07	1.56293
4.12E-07	1.56293
4.13E-07	1.56293
4.14E-07	1.5624
4.15E-07	1.56161
4.16E-07	1.56082
4.17E-07	1.56003
4.18E-07	1.55924
4.19E-07	1.55845
4.20E-07	1.55766
4.21E-07	1.55695
4.22E-07	1.55695
4.23E-07	1.55695
4.24E-07	1.55695
4.25E-07	1.55668
4.26E-07	1.55504
4.27E-07	1.5534
4.28E-07	1.55176
4.29E-07	1.55096
4.30E-07	1.55096
4.31E-07	1.55096
4.32E-07	1.55096
4.33E-07	1.55096
4.34E-07	1.55096
4.35E-07	1.55096
4.36E-07	1.55096
4.37E-07	1.55096
4.38E-07	1.55096
4.39E-07	1.55096
4.40E-07	1.55096
4.41E-07	1.54979
4.42E-07	1.54815
4.43E-07	1.54651
4.44E-07	1.54497
4.45E-07	1.54497
4.46E-07	1.54497
4.47E-07	1.54497
4.48E-07	1.54487
4.49E-07	1.54408
4.50E-07	1.54329
4.51E-07	1.5425
4.52E-07	1.54171
4.53E-07	1.54092
4.54E-07	1.54013
4.55E-07	1.53934
4.56E-07	1.53898
4.57E-07	1.53898
4.58E-07	1.53898
4.59E-07	1.53898
4.60E-07	1.5385
4.61E-07	1.53771
4.62E-07	1.53692
4.63E-07	1.53613
4.64E-07	1.53534
4.65E-07	1.53455
4.66E-07	1.53376
4.67E-07	1.53297
4.68E-07	1.53218
4.69E-07	1.53139
4.70E-07	1.5306
4.71E-07	1.52981
4.72E-07	1.52902
4.73E-07	1.52823
4.74E-07	1.52744
4.75E-07	1.52701
4.76E-07	1.52701
4.77E-07	1.52701
4.78E-07	1.52701
4.79E-07	1.52616
4.80E-07	1.52452
4.81E-07	1.52288
4.82E-07	1.52124
4.83E-07	1.52102
4.84E-07	1.52102
4.85E-07	1.52102
4.86E-07	1.52102
4.87E-07	1.52028
4.88E-07	1.51949
4.89E-07	1.5187
4.90E-07	1.51791
4.91E-07	1.51712
4.92E-07	1.51633
4.93E-07	1.51554
4.94E-07	1.51503
4.95E-07	1.51503
4.96E-07	1.51503
4.97E-07	1.51503
4.98E-07	1.5147
4.99E-07	1.51391
5.00E-07	1.51312
5.01E-07	1.51233
5.02E-07	1.51154
5.03E-07	1.51075
5.04E-07	1.50996
5.05E-07	1.50917
5.06E-07	1.50904
5.07E-07	1.50904
5.08E-07	1.50904
5.09E-07	1.50904
5.10E-07	1.50833
5.11E-07	1.50754
5.12E-07	1.50675
5.13E-07	1.50596
5.14E-07	1.50517
5.15E-07	1.50438
5.16E-07	1.50359
5.17E-07	1.50305
5.18E-07	1.50305
5.19E-07	1.50305
5.20E-07	1.50305
5.21E-07	1.50275
5.22E-07	1.50196
5.23E-07	1.50117
5.24E-07	1.50038
5.25E-07	1.49959
5.26E-07	1.4988
5.27E-07	1.49801
5.28E-07	1.49722
5.29E-07	1.49707
5.30E-07	1.49707
5.31E-07	1.49707
5.32E-07	1.49707
5.33E-07	1.49638
5.34E-07	1.49559
5.35E-07	1.4948
5.36E-07	1.49401
5.37E-07	1.49322
5.38E-07	1.49243
5.39E-07	1.49164
5.40E-07	1.49108
5.41E-07	1.49108
5.42E-07	1.49108
5.43E-07	1.49108
5.44E-07	1.49108
5.45E-07	1.49108
5.46E-07	1.49108
5.47E-07	1.49108
5.48E-07	1.49038
5.49E-07	1.48874
5.50E-07	1.4871
5.51E-07	1.48546
5.52E-07	1.48509
5.53E-07	1.48509
5.54E-07	1.48509
5.55E-07	1.48509
5.56E-07	1.48442
5.57E-07	1.48363
5.58E-07	1.48284
5.59E-07	1.48205
5.60E-07	1.48126
5.61E-07	1.48047
5.62E-07	1.47969
5.63E-07	1.4791
5.64E-07	1.4791
5.65E-07	1.4791
5.66E-07	1.4791
5.67E-07	1.47884
5.68E-07	1.47805
5.69E-07	1.47726
5.70E-07	1.47647
5.71E-07	1.47611
5.72E-07	1.47611
5.73E-07	1.47611
5.74E-07	1.47611
5.75E-07	1.47563
5.76E-07	1.47484
5.77E-07	1.47405
5.78E-07	1.47326
5.79E-07	1.47247
5.80E-07	1.47168
5.81E-07	1.47089
5.82E-07	1.4701
5.83E-07	1.46931
5.84E-07	1.46852
5.85E-07	1.46773
5.86E-07	1.46713
5.87E-07	1.46713
5.88E-07	1.46713
5.89E-07	1.46713
5.90E-07	1.46713
5.91E-07	1.46713
5.92E-07	1.46713
5.93E-07	1.46713
5.94E-07	1.46684
5.95E-07	1.46605
5.96E-07	1.46526
5.97E-07	1.46447
5.98E-07	1.46368
5.99E-07	1.46289
6.00E-07	1.4621
6.01E-07	1.46131
6.02E-07	1.46114
6.03E-07	1.46114
6.04E-07	1.46114
6.05E-07	1.46114
6.06E-07	1.46047
6.07E-07	1.45968
6.08E-07	1.45889
6.09E-07	1.4581
6.10E-07	1.45731
6.11E-07	1.45652
6.12E-07	1.45573
6.13E-07	1.45515
6.14E-07	1.45515
6.15E-07	1.45515
6.16E-07	1.45515
6.17E-07	1.45488
6.18E-07	1.45409
6.19E-07	1.45331
6.20E-07	1.45252
6.21E-07	1.45173
6.22E-07	1.45094
6.23E-07	1.45015
6.24E-07	1.44936
6.25E-07	1.44916
6.26E-07	1.44916
6.27E-07	1.44916
6.28E-07	1.44916
6.29E-07	1.44916
6.30E-07	1.44916
6.31E-07	1.44916
6.32E-07	1.44916
6.33E-07	1.44846
6.34E-07	1.44767
6.35E-07	1.44688
6.36E-07	1.44609
6.37E-07	1.4453
6.38E-07	1.44451
6.39E-07	1.44372
6.40E-07	1.44317
6.41E-07	1.44317
6.42E-07	1.44317
6.43E-07	1.44317
6.44E-07	1.44317
6.45E-07	1.44317
6.46E-07	1.44317
6.47E-07	1.44317
6.48E-07	1.44245
6.49E-07	1.44081
6.50E-07	1.43917
6.51E-07	1.43753
6.52E-07	1.43719
6.53E-07	1.43719
6.54E-07	1.43719
6.55E-07	1.43719
6.56E-07	1.43651
6.57E-07	1.43572
6.58E-07	1.43493
6.59E-07	1.43414
6.60E-07	1.43335
6.61E-07	1.43256
6.62E-07	1.43177
6.63E-07	1.4312
6.64E-07	1.4312
6.65E-07	1.4312
6.66E-07	1.4312
6.67E-07	1.4312
6.68E-07	1.4312
6.69E-07	1.4312
6.70E-07	1.4312
6.71E-07	1.43087
6.72E-07	1.43008
6.73E-07	1.42929
6.74E-07	1.4285
6.75E-07	1.42772
6.76E-07	1.42693
6.77E-07	1.42614
6.78E-07	1.42535
6.79E-07	1.42521
6.80E-07	1.42521
6.81E-07	1.42521
6.82E-07	1.42521
6.83E-07	1.42521
6.84E-07	1.42521
6.85E-07	1.42521
6.86E-07	1.42521
6.87E-07	1.42445
6.88E-07	1.42366
6.89E-07	1.42287
6.90E-07	1.42208
6.91E-07	1.42129
6.92E-07	1.4205
6.93E-07	1.41971
6.94E-07	1.41922
6.95E-07	1.41922
6.96E-07	1.41922
6.97E-07	1.41922
6.98E-07	1.41922
6.99E-07	1.41922
7.00E-07	1.41922
7.01E-07	1.41922
7.02E-07	1.41838
7.03E-07	1.41674
7.04E-07	1.4151
7.05E-07	1.41346
7.06E-07	1.41323
7.07E-07	1.41323
7.08E-07	1.41323
7.09E-07	1.41323
7.10E-07	1.41323
7.11E-07	1.41323
7.12E-07	1.41323
7.13E-07	1.41323
7.14E-07	1.41323
7.15E-07	1.41323
7.16E-07	1.41323
7.17E-07	1.41318
7.18E-07	1.41239
7.19E-07	1.4116
7.20E-07	1.41081
7.21E-07	1.41002
7.22E-07	1.40923
7.23E-07	1.40844
7.24E-07	1.40765
7.25E-07	1.40725
7.26E-07	1.40725
7.27E-07	1.40725
7.28E-07	1.40725
7.29E-07	1.40681
7.30E-07	1.40602
7.31E-07	1.40523
7.32E-07	1.40444
7.33E-07	1.40365
7.34E-07	1.40286
7.35E-07	1.40207
7.36E-07	1.40128
7.37E-07	1.40126
7.38E-07	1.40126
7.39E-07	1.40126
7.40E-07	1.40126
7.41E-07	1.40126
7.42E-07	1.40126
7.43E-07	1.40126
7.44E-07	1.40126
7.45E-07	1.40126
7.46E-07	1.40126
7.47E-07	1.40126
7.48E-07	1.40112
7.49E-07	1.40033
7.50E-07	1.39954
7.51E-07	1.39875
7.52E-07	1.39796
7.53E-07	1.39717
7.54E-07	1.39638
7.55E-07	1.39559
7.56E-07	1.39527
7.57E-07	1.39527
7.58E-07	1.39527
7.59E-07	1.39527
7.60E-07	1.39475
7.61E-07	1.39396
7.62E-07	1.39317
7.63E-07	1.39238
7.64E-07	1.39159
7.65E-07	1.3908
7.66E-07	1.39001
7.67E-07	1.38928
7.68E-07	1.38928
7.69E-07	1.38928
7.70E-07	1.38928
7.71E-07	1.38928
7.72E-07	1.38928
7.73E-07	1.38928
7.74E-07	1.38928
7.75E-07	1.38912
7.76E-07	1.38833
7.77E-07	1.38754
7.78E-07	1.38675
7.79E-07	1.38596
7.80E-07	1.38517
7.81E-07	1.38438
7.82E-07	1.38359
7.83E-07	1.38329
7.84E-07	1.38329
7.85E-07	1.38329
7.86E-07	1.38329
7.87E-07	1.38329
7.88E-07	1.38329
7.89E-07	1.38329
7.90E-07	1.38329
7.91E-07	1.38205
7.92E-07	1.38041
7.93E-07	1.37876
7.94E-07	1.37731
7.95E-07	1.37731
7.96E-07	1.37731
7.97E-07	1.37731
7.98E-07	1.37731
7.99E-07	1.37731
8.00E-07	1.37731
