3.00E-07	0.83142
3.01E-07	0.838941
3.02E-07	0.84987
3.03E-07	0.862969
3.04E-07	0.8768
3.05E-07	0.890204
3.06E-07	0.902583
3.07E-07	0.914061
3.08E-07	0.92528
3.09E-07	0.936946
3.10E-07	0.949402
3.11E-07	0.962579
3.12E-07	0.97614
3.13E-07	0.989682
3.14E-07	1.0029
3.15E-07	1.01577
3.16E-07	1.0285
3.17E-07	1.04134
3.18E-07	1.05443
3.19E-07	1.06773
3.20E-07	1.0811
3.21E-07	1.09436
3.22E-07	1.10741
3.23E-07	1.12024
3.24E-07	1.1329
3.25E-07	1.14547
3.26E-07	1.15797
3.27E-07	1.17038
3.28E-07	1.1826
3.29E-07	1.19454
3.30E-07	1.2062
3.31E-07	1.21759
3.32E-07	1.2287
3.33E-07	1.2395
3.34E-07	1.25002
3.35E-07	1.26024
3.36E-07	1.2701
3.37E-07	1.27952
3.38E-07	1.28855
3.39E-07	1.29719
3.40E-07	1.3054
3.41E-07	1.31311
3.42E-07	1.32037
3.43E-07	1.32722
3.44E-07	1.3336
3.45E-07	1.33944
3.46E-07	1.34477
3.47E-07	1.34965
3.48E-07	1.354
3.49E-07	1.35775
3.50E-07	1.36096
3.51E-07	1.36369
3.52E-07	1.3659
3.53E-07	1.36751
3.54E-07	1.3686
3.55E-07	1.36921
3.56E-07	1.3693
3.57E-07	1.36879
3.58E-07	1.36777
3.59E-07	1.36628
3.60E-07	1.3643
3.61E-07	1.36176
3.62E-07	1.35874
3.63E-07	1.3553
3.64E-07	1.3514
3.65E-07	1.34698
3.66E-07	1.34213
3.67E-07	1.33691
3.68E-07	1.3313
3.69E-07	1.32525
3.70E-07	1.31884
3.71E-07	1.31214
3.72E-07	1.3051
3.73E-07	1.29769
3.74E-07	1.28998
3.75E-07	1.28202
3.76E-07	1.2738
3.77E-07	1.26529
3.78E-07	1.25654
3.79E-07	1.24762
3.80E-07	1.2385
3.81E-07	1.22917
3.82E-07	1.21967
3.83E-07	1.21005
3.84E-07	1.2003
3.85E-07	1.19039
3.86E-07	1.18035
3.87E-07	1.17022
3.88E-07	1.16
3.89E-07	1.14967
3.90E-07	1.13928
3.91E-07	1.12886
3.92E-07	1.1184
3.93E-07	1.10791
3.94E-07	1.09739
3.95E-07	1.08686
3.96E-07	1.0763
3.97E-07	1.06572
3.98E-07	1.05513
3.99E-07	1.04455
4.00E-07	1.034
4.01E-07	1.02349
4.02E-07	1.01303
4.03E-07	1.0026
4.04E-07	0.99223
4.05E-07	0.981922
4.06E-07	0.971669
4.07E-07	0.961471
4.08E-07	0.95136
4.09E-07	0.941373
4.10E-07	0.931501
4.11E-07	0.921735
4.12E-07	0.91211
4.13E-07	0.902667
4.14E-07	0.89339
4.15E-07	0.884275
4.16E-07	0.87537
4.17E-07	0.86673
4.18E-07	0.858342
4.19E-07	0.850199
4.20E-07	0.84235
4.21E-07	0.834854
4.22E-07	0.827696
4.23E-07	0.820867
4.24E-07	0.81442
4.25E-07	0.808416
4.26E-07	0.802833
4.27E-07	0.797654
4.28E-07	0.79292
4.29E-07	0.788679
4.30E-07	0.784897
4.31E-07	0.781545
4.32E-07	0.77865
4.33E-07	0.776242
4.34E-07	0.774273
4.35E-07	0.772697
4.36E-07	0.77152
4.37E-07	0.770749
4.38E-07	0.770325
4.39E-07	0.770192
4.40E-07	0.77034
4.41E-07	0.770763
4.42E-07	0.771401
4.43E-07	0.772199
4.44E-07	0.77314
4.45E-07	0.774209
4.46E-07	0.775355
4.47E-07	0.776532
4.48E-07	0.77772
4.49E-07	0.778906
4.50E-07	0.780055
4.51E-07	0.781135
4.52E-07	0.78213
4.53E-07	0.783029
4.54E-07	0.783813
4.55E-07	0.784464
4.56E-07	0.78497
4.57E-07	0.78532
4.58E-07	0.78551
4.59E-07	0.785538
4.60E-07	0.78539
4.61E-07	0.785057
4.62E-07	0.784546
4.63E-07	0.783861
4.64E-07	0.78299
4.65E-07	0.781921
4.66E-07	0.78067
4.67E-07	0.77925
4.68E-07	0.77765
4.69E-07	0.775856
4.70E-07	0.77389
4.71E-07	0.771765
4.72E-07	0.76947
4.73E-07	0.766988
4.74E-07	0.764343
4.75E-07	0.761554
4.76E-07	0.75861
4.77E-07	0.755495
4.78E-07	0.752234
4.79E-07	0.748846
4.80E-07	0.74532
4.81E-07	0.741639
4.82E-07	0.737829
4.83E-07	0.733909
4.84E-07	0.72987
4.85E-07	0.725698
4.86E-07	0.721417
4.87E-07	0.717044
4.88E-07	0.71257
4.89E-07	0.707984
4.90E-07	0.703306
4.91E-07	0.698553
4.92E-07	0.69372
4.93E-07	0.688798
4.94E-07	0.683804
4.95E-07	0.678752
4.96E-07	0.67364
4.97E-07	0.668459
4.98E-07	0.663223
4.99E-07	0.657948
5.00E-07	0.65263
5.01E-07	0.647266
5.02E-07	0.641868
5.03E-07	0.636446
5.04E-07	0.631
5.05E-07	0.625527
5.06E-07	0.620037
5.07E-07	0.614538
5.08E-07	0.60903
5.09E-07	0.603514
5.10E-07	0.597995
5.11E-07	0.59248
5.12E-07	0.58697
5.13E-07	0.581467
5.14E-07	0.575975
5.15E-07	0.570498
5.16E-07	0.56504
5.17E-07	0.559605
5.18E-07	0.554193
5.19E-07	0.548807
5.20E-07	0.54345
5.21E-07	0.538126
5.22E-07	0.532834
5.23E-07	0.527574
5.24E-07	0.52235
5.25E-07	0.517169
5.26E-07	0.512029
5.27E-07	0.506927
5.28E-07	0.50187
5.29E-07	0.496863
5.30E-07	0.491902
5.31E-07	0.486982
5.32E-07	0.48211
5.33E-07	0.477293
5.34E-07	0.472524
5.35E-07	0.467801
5.36E-07	0.46313
5.37E-07	0.458519
5.38E-07	0.453961
5.39E-07	0.449449
5.40E-07	0.44499
5.41E-07	0.440591
5.42E-07	0.436245
5.43E-07	0.431946
5.44E-07	0.4277
5.45E-07	0.423517
5.46E-07	0.419388
5.47E-07	0.415307
5.48E-07	0.41128
5.49E-07	0.407315
5.50E-07	0.403402
5.51E-07	0.399535
5.52E-07	0.39572
5.53E-07	0.391966
5.54E-07	0.388263
5.55E-07	0.384606
5.56E-07	0.381
5.57E-07	0.377454
5.58E-07	0.37396
5.59E-07	0.37051
5.60E-07	0.36711
5.61E-07	0.363767
5.62E-07	0.360472
5.63E-07	0.357218
5.64E-07	0.35401
5.65E-07	0.350856
5.66E-07	0.347749
5.67E-07	0.344681
5.68E-07	0.34166
5.69E-07	0.338692
5.70E-07	0.335769
5.71E-07	0.332883
5.72E-07	0.33004
5.73E-07	0.327246
5.74E-07	0.324493
5.75E-07	0.321776
5.76E-07	0.3191
5.77E-07	0.316473
5.78E-07	0.313886
5.79E-07	0.311334
5.80E-07	0.30882
5.81E-07	0.30635
5.82E-07	0.303917
5.83E-07	0.301516
5.84E-07	0.29915
5.85E-07	0.296827
5.86E-07	0.29454
5.87E-07	0.292283
5.88E-07	0.29006
5.89E-07	0.287877
5.90E-07	0.285726
5.91E-07	0.283602
5.92E-07	0.28151
5.93E-07	0.279455
5.94E-07	0.277432
5.95E-07	0.275436
5.96E-07	0.27347
5.97E-07	0.27154
5.98E-07	0.269641
5.99E-07	0.267766
6.00E-07	0.26592
6.01E-07	0.264107
6.02E-07	0.262321
6.03E-07	0.260557
6.04E-07	0.25882
6.05E-07	0.257113
6.06E-07	0.255433
6.07E-07	0.253774
6.08E-07	0.25214
6.09E-07	0.250537
6.10E-07	0.248959
6.11E-07	0.247402
6.12E-07	0.24587
6.13E-07	0.244366
6.14E-07	0.242884
6.15E-07	0.241421
6.16E-07	0.23998
6.17E-07	0.238564
6.18E-07	0.23717
6.19E-07	0.235794
6.20E-07	0.23444
6.21E-07	0.233111
6.22E-07	0.231803
6.23E-07	0.230512
6.24E-07	0.22924
6.25E-07	0.22799
6.26E-07	0.226759
6.27E-07	0.225545
6.28E-07	0.22435
6.29E-07	0.223178
6.30E-07	0.222026
6.31E-07	0.220889
6.32E-07	0.21977
6.33E-07	0.218671
6.34E-07	0.217588
6.35E-07	0.216521
6.36E-07	0.21547
6.37E-07	0.21444
6.38E-07	0.213428
6.39E-07	0.212431
6.40E-07	0.21145
6.41E-07	0.210487
6.42E-07	0.209539
6.43E-07	0.208602
6.44E-07	0.20768
6.45E-07	0.206775
6.46E-07	0.205886
6.47E-07	0.20501
6.48E-07	0.20415
6.49E-07	0.203307
6.50E-07	0.202479
6.51E-07	0.201663
6.52E-07	0.20086
6.53E-07	0.200073
6.54E-07	0.1993
6.55E-07	0.198538
6.56E-07	0.19779
6.57E-07	0.197058
6.58E-07	0.196338
6.59E-07	0.195628
6.60E-07	0.19493
6.61E-07	0.194245
6.62E-07	0.193572
6.63E-07	0.192909
6.64E-07	0.19226
6.65E-07	0.191626
6.66E-07	0.191004
6.67E-07	0.190392
6.68E-07	0.18979
6.69E-07	0.189199
6.70E-07	0.188618
6.71E-07	0.188044
6.72E-07	0.18748
6.73E-07	0.186929
6.74E-07	0.186389
6.75E-07	0.185859
6.76E-07	0.18534
6.77E-07	0.184831
6.78E-07	0.184331
6.79E-07	0.183837
6.80E-07	0.18335
6.81E-07	0.182871
6.82E-07	0.1824
6.83E-07	0.181936
6.84E-07	0.18148
6.85E-07	0.181033
6.86E-07	0.180593
6.87E-07	0.180159
6.88E-07	0.17973
6.89E-07	0.179305
6.90E-07	0.178883
6.91E-07	0.178465
6.92E-07	0.17805
6.93E-07	0.177639
6.94E-07	0.177232
6.95E-07	0.17683
6.96E-07	0.17643
6.97E-07	0.176031
6.98E-07	0.175632
6.99E-07	0.175232
7.00E-07	0.17483
7.01E-07	0.174423
7.02E-07	0.174014
7.03E-07	0.173604
7.04E-07	0.17319
7.05E-07	0.172769
7.06E-07	0.172343
7.07E-07	0.171912
7.08E-07	0.17147
7.09E-07	0.171013
7.10E-07	0.170544
7.11E-07	0.170065
7.12E-07	0.16957
7.13E-07	0.169055
7.14E-07	0.168524
7.15E-07	0.167978
7.16E-07	0.16741
7.17E-07	0.166814
7.18E-07	0.166193
7.19E-07	0.165551
7.20E-07	0.16488
7.21E-07	0.164171
7.22E-07	0.163428
7.23E-07	0.162654
7.24E-07	0.16184
7.25E-07	0.160976
7.26E-07	0.160067
7.27E-07	0.159118
7.28E-07	0.15812
7.29E-07	0.157061
7.30E-07	0.155947
7.31E-07	0.15478
7.32E-07	0.15355
7.33E-07	0.152243
7.34E-07	0.150864
7.35E-07	0.149421
7.36E-07	0.14791
7.37E-07	0.14632
7.38E-07	0.144647
7.39E-07	0.142884
7.40E-07	0.14102
7.41E-07	0.139051
7.42E-07	0.136998
7.43E-07	0.134881
7.44E-07	0.1327
7.45E-07	0.130434
7.46E-07	0.128053
7.47E-07	0.12553
7.48E-07	0.12286
7.49E-07	0.12007
7.50E-07	0.117219
7.51E-07	0.114353
7.52E-07	0.11148
7.53E-07	0.10855
7.54E-07	0.105479
7.55E-07	0.102201
7.56E-07	0.09872
7.57E-07	0.0951275
7.58E-07	0.0915641
7.59E-07	0.0881476
7.60E-07	0.0849
7.61E-07	0.0817076
7.62E-07	0.0783511
7.63E-07	0.0746289
7.64E-07	0.0705
7.65E-07	0.0661592
7.66E-07	0.0619997
7.67E-07	0.0585064
7.68E-07	0.05609
