3.00E-07	1.4543
3.01E-07	1.45043
3.02E-07	1.44498
3.03E-07	1.43872
3.04E-07	1.4326
3.05E-07	1.42741
3.06E-07	1.42348
3.07E-07	1.42074
3.08E-07	1.4189
3.09E-07	1.41765
3.10E-07	1.41676
3.11E-07	1.41626
3.12E-07	1.4164
3.13E-07	1.41746
3.14E-07	1.41955
3.15E-07	1.4226
3.16E-07	1.4265
3.17E-07	1.4311
3.18E-07	1.43625
3.19E-07	1.44189
3.20E-07	1.4481
3.21E-07	1.45496
3.22E-07	1.46242
3.23E-07	1.4704
3.24E-07	1.4788
3.25E-07	1.48753
3.26E-07	1.49649
3.27E-07	1.5056
3.28E-07	1.5149
3.29E-07	1.52439
3.30E-07	1.53401
3.31E-07	1.5437
3.32E-07	1.5534
3.33E-07	1.56308
3.34E-07	1.57269
3.35E-07	1.58219
3.36E-07	1.5916
3.37E-07	1.60091
3.38E-07	1.61009
3.39E-07	1.61913
3.40E-07	1.628
3.41E-07	1.6367
3.42E-07	1.64521
3.43E-07	1.65351
3.44E-07	1.6616
3.45E-07	1.66947
3.46E-07	1.67712
3.47E-07	1.68457
3.48E-07	1.6918
3.49E-07	1.69882
3.50E-07	1.70563
3.51E-07	1.71227
3.52E-07	1.7187
3.53E-07	1.72492
3.54E-07	1.73093
3.55E-07	1.73677
3.56E-07	1.7424
3.57E-07	1.74781
3.58E-07	1.75304
3.59E-07	1.75811
3.60E-07	1.763
3.61E-07	1.7677
3.62E-07	1.77222
3.63E-07	1.7766
3.64E-07	1.7808
3.65E-07	1.78481
3.66E-07	1.78867
3.67E-07	1.7924
3.68E-07	1.796
3.69E-07	1.79944
3.70E-07	1.80275
3.71E-07	1.80595
3.72E-07	1.809
3.73E-07	1.81189
3.74E-07	1.81464
3.75E-07	1.81728
3.76E-07	1.8198
3.77E-07	1.82219
3.78E-07	1.82446
3.79E-07	1.82664
3.80E-07	1.8287
3.81E-07	1.83062
3.82E-07	1.83242
3.83E-07	1.83411
3.84E-07	1.8357
3.85E-07	1.83716
3.86E-07	1.83853
3.87E-07	1.83981
3.88E-07	1.841
3.89E-07	1.84207
3.90E-07	1.84304
3.91E-07	1.84392
3.92E-07	1.8447
3.93E-07	1.84538
3.94E-07	1.84596
3.95E-07	1.84647
3.96E-07	1.8469
3.97E-07	1.84723
3.98E-07	1.84747
3.99E-07	1.84763
4.00E-07	1.8477
4.01E-07	1.84768
4.02E-07	1.84758
4.03E-07	1.84742
4.04E-07	1.8472
4.05E-07	1.84693
4.06E-07	1.8466
4.07E-07	1.84623
4.08E-07	1.8458
4.09E-07	1.84533
4.10E-07	1.84483
4.11E-07	1.84431
4.12E-07	1.8438
4.13E-07	1.84331
4.14E-07	1.84284
4.15E-07	1.8424
4.16E-07	1.842
4.17E-07	1.84166
4.18E-07	1.84138
4.19E-07	1.84119
4.20E-07	1.8411
4.21E-07	1.84115
4.22E-07	1.84135
4.23E-07	1.84169
4.24E-07	1.8422
4.25E-07	1.8429
4.26E-07	1.84377
4.27E-07	1.84483
4.28E-07	1.8461
4.29E-07	1.84759
4.30E-07	1.84931
4.31E-07	1.85125
4.32E-07	1.8534
4.33E-07	1.85578
4.34E-07	1.85835
4.35E-07	1.86109
4.36E-07	1.864
4.37E-07	1.86707
4.38E-07	1.87027
4.39E-07	1.87358
4.40E-07	1.877
4.41E-07	1.88052
4.42E-07	1.88411
4.43E-07	1.88774
4.44E-07	1.8914
4.45E-07	1.89508
4.46E-07	1.89874
4.47E-07	1.90239
4.48E-07	1.906
4.49E-07	1.90957
4.50E-07	1.91308
4.51E-07	1.91653
4.52E-07	1.9199
4.53E-07	1.92318
4.54E-07	1.92638
4.55E-07	1.92948
4.56E-07	1.9325
4.57E-07	1.93543
4.58E-07	1.93827
4.59E-07	1.94103
4.60E-07	1.9437
4.61E-07	1.94627
4.62E-07	1.94875
4.63E-07	1.95112
4.64E-07	1.9534
4.65E-07	1.95557
4.66E-07	1.95766
4.67E-07	1.95967
4.68E-07	1.9616
4.69E-07	1.96345
4.70E-07	1.96524
4.71E-07	1.96695
4.72E-07	1.9686
4.73E-07	1.97017
4.74E-07	1.97167
4.75E-07	1.97311
4.76E-07	1.9745
4.77E-07	1.97583
4.78E-07	1.9771
4.79E-07	1.97833
4.80E-07	1.9795
4.81E-07	1.98061
4.82E-07	1.98168
4.83E-07	1.98271
4.84E-07	1.9837
4.85E-07	1.98465
4.86E-07	1.98557
4.87E-07	1.98645
4.88E-07	1.9873
4.89E-07	1.9881
4.90E-07	1.98886
4.91E-07	1.9896
4.92E-07	1.9903
4.93E-07	1.99097
4.94E-07	1.99163
4.95E-07	1.99227
4.96E-07	1.9929
4.97E-07	1.99351
4.98E-07	1.99409
4.99E-07	1.99466
5.00E-07	1.9952
5.01E-07	1.99571
5.02E-07	1.9962
5.03E-07	1.99666
5.04E-07	1.9971
5.05E-07	1.99752
5.06E-07	1.99792
5.07E-07	1.99831
5.08E-07	1.9987
5.09E-07	1.99907
5.10E-07	1.99943
5.11E-07	1.99978
5.12E-07	2.0001
5.13E-07	2.0004
5.14E-07	2.00068
5.15E-07	2.00094
5.16E-07	2.0012
5.17E-07	2.00145
5.18E-07	2.0017
5.19E-07	2.00195
5.20E-07	2.0022
5.21E-07	2.00244
5.22E-07	2.00267
5.23E-07	2.00289
5.24E-07	2.0031
5.25E-07	2.00329
5.26E-07	2.00347
5.27E-07	2.00364
5.28E-07	2.0038
5.29E-07	2.00396
5.30E-07	2.00411
5.31E-07	2.00426
5.32E-07	2.0044
5.33E-07	2.00453
5.34E-07	2.00466
5.35E-07	2.00478
5.36E-07	2.0049
5.37E-07	2.00501
5.38E-07	2.00512
5.39E-07	2.00521
5.40E-07	2.0053
5.41E-07	2.00538
5.42E-07	2.00545
5.43E-07	2.00553
5.44E-07	2.0056
5.45E-07	2.00568
5.46E-07	2.00575
5.47E-07	2.00583
5.48E-07	2.0059
5.49E-07	2.00596
5.50E-07	2.00602
5.51E-07	2.00606
5.52E-07	2.0061
5.53E-07	2.00613
5.54E-07	2.00616
5.55E-07	2.00618
5.56E-07	2.0062
5.57E-07	2.00621
5.58E-07	2.00621
5.59E-07	2.00621
5.60E-07	2.0062
5.61E-07	2.00619
5.62E-07	2.00619
5.63E-07	2.0062
5.64E-07	2.0062
5.65E-07	2.0062
5.66E-07	2.00621
5.67E-07	2.00621
5.68E-07	2.0062
5.69E-07	2.00618
5.70E-07	2.00616
5.71E-07	2.00613
5.72E-07	2.0061
5.73E-07	2.00607
5.74E-07	2.00604
5.75E-07	2.00602
5.76E-07	2.006
5.77E-07	2.00599
5.78E-07	2.00597
5.79E-07	2.00594
5.80E-07	2.0059
5.81E-07	2.00585
5.82E-07	2.0058
5.83E-07	2.00575
5.84E-07	2.0057
5.85E-07	2.00566
5.86E-07	2.00562
5.87E-07	2.00556
5.88E-07	2.0055
5.89E-07	2.00542
5.90E-07	2.00534
5.91E-07	2.00526
5.92E-07	2.0052
5.93E-07	2.00515
5.94E-07	2.0051
5.95E-07	2.00506
5.96E-07	2.005
5.97E-07	2.00493
5.98E-07	2.00485
5.99E-07	2.00477
6.00E-07	2.0047
6.01E-07	2.00465
6.02E-07	2.0046
6.03E-07	2.00456
6.04E-07	2.0045
6.05E-07	2.00443
6.06E-07	2.00435
6.07E-07	2.00427
6.08E-07	2.0042
6.09E-07	2.00415
6.10E-07	2.0041
6.11E-07	2.00406
6.12E-07	2.004
6.13E-07	2.00393
6.14E-07	2.00385
6.15E-07	2.00377
6.16E-07	2.0037
6.17E-07	2.00365
6.18E-07	2.00363
6.19E-07	2.00361
6.20E-07	2.0036
6.21E-07	2.00358
6.22E-07	2.00356
6.23E-07	2.00353
6.24E-07	2.0035
6.25E-07	2.00349
6.26E-07	2.00348
6.27E-07	2.00349
6.28E-07	2.0035
6.29E-07	2.00353
6.30E-07	2.00357
6.31E-07	2.00362
6.32E-07	2.0037
6.33E-07	2.00382
6.34E-07	2.00396
6.35E-07	2.00412
6.36E-07	2.0043
6.37E-07	2.0045
6.38E-07	2.00473
6.39E-07	2.00499
6.40E-07	2.0053
6.41E-07	2.00567
6.42E-07	2.00609
6.43E-07	2.00657
6.44E-07	2.0071
6.45E-07	2.0077
6.46E-07	2.00837
6.47E-07	2.00913
6.48E-07	2.01
6.49E-07	2.01099
6.50E-07	2.0121
6.51E-07	2.01333
6.52E-07	2.0147
6.53E-07	2.01621
6.54E-07	2.01787
6.55E-07	2.01969
6.56E-07	2.0217
6.57E-07	2.0239
6.58E-07	2.02629
6.59E-07	2.02887
6.60E-07	2.0316
6.61E-07	2.03446
6.62E-07	2.03741
6.63E-07	2.04041
6.64E-07	2.0434
6.65E-07	2.0463
6.66E-07	2.04906
6.67E-07	2.05158
6.68E-07	2.0538
6.69E-07	2.05564
6.70E-07	2.05706
6.71E-07	2.05805
6.72E-07	2.0586
6.73E-07	2.05871
6.74E-07	2.05844
6.75E-07	2.05782
6.76E-07	2.0569
6.77E-07	2.05572
6.78E-07	2.05434
6.79E-07	2.05282
6.80E-07	2.0512
6.81E-07	2.0495
6.82E-07	2.04776
6.83E-07	2.04603
6.84E-07	2.0443
6.85E-07	2.0426
6.86E-07	2.04094
6.87E-07	2.03934
6.88E-07	2.0378
6.89E-07	2.03631
6.90E-07	2.03489
6.91E-07	2.03352
6.92E-07	2.0322
6.93E-07	2.03093
6.94E-07	2.02972
6.95E-07	2.02858
6.96E-07	2.0275
6.97E-07	2.02648
6.98E-07	2.02551
6.99E-07	2.02459
7.00E-07	2.0237
7.01E-07	2.02283
7.02E-07	2.02199
7.03E-07	2.02118
7.04E-07	2.0204
7.05E-07	2.01967
7.06E-07	2.01898
7.07E-07	2.01832
7.08E-07	2.0177
7.09E-07	2.0171
7.10E-07	2.01652
7.11E-07	2.01595
7.12E-07	2.0154
7.13E-07	2.01487
7.14E-07	2.01436
7.15E-07	2.01387
7.16E-07	2.0134
7.17E-07	2.01295
7.18E-07	2.01252
7.19E-07	2.0121
7.20E-07	2.0117
7.21E-07	2.01131
7.22E-07	2.01094
7.23E-07	2.01057
7.24E-07	2.0102
7.25E-07	2.00984
7.26E-07	2.00949
7.27E-07	2.00914
7.28E-07	2.0088
7.29E-07	2.00847
7.30E-07	2.00815
7.31E-07	2.00782
7.32E-07	2.0075
7.33E-07	2.00718
7.34E-07	2.00688
7.35E-07	2.00658
7.36E-07	2.0063
7.37E-07	2.00604
7.38E-07	2.00579
7.39E-07	2.00555
7.40E-07	2.0053
7.41E-07	2.00505
7.42E-07	2.0048
7.43E-07	2.00455
7.44E-07	2.0043
7.45E-07	2.00407
7.46E-07	2.00384
7.47E-07	2.00362
7.48E-07	2.0034
7.49E-07	2.00318
7.50E-07	2.00295
7.51E-07	2.00273
7.52E-07	2.0025
7.53E-07	2.00228
7.54E-07	2.00205
7.55E-07	2.00183
7.56E-07	2.0016
7.57E-07	2.00138
7.58E-07	2.00117
7.59E-07	2.00097
7.60E-07	2.0008
7.61E-07	2.00064
7.62E-07	2.00047
7.63E-07	2.0003
7.64E-07	2.0001
7.65E-07	1.99989
7.66E-07	1.99969
7.67E-07	1.99952
7.68E-07	1.9994
