3.00E-07	0.237129422
3.01E-07	0.265178424
3.02E-07	0.283367153
3.03E-07	0.293670958
3.04E-07	0.298065187
3.05E-07	0.298525188
3.06E-07	0.297026311
3.07E-07	0.295543903
3.08E-07	0.294504937
3.09E-07	0.284847078
3.10E-07	0.275018132
3.11E-07	0.274763264
3.12E-07	0.276055102
3.13E-07	0.274737543
3.14E-07	0.273466991
3.15E-07	0.271135114
3.16E-07	0.268947067
3.17E-07	0.267524194
3.18E-07	0.264681061
3.19E-07	0.26197854
3.20E-07	0.259309836
3.21E-07	0.256588825
3.22E-07	0.253943963
3.23E-07	0.251149908
3.24E-07	0.248550707
3.25E-07	0.247268412
3.26E-07	0.244859152
3.27E-07	0.241986023
3.28E-07	0.239440036
3.29E-07	0.236522143
3.30E-07	0.234046437
3.31E-07	0.2341975
3.32E-07	0.231918235
3.33E-07	0.229652092
3.34E-07	0.229148518
3.35E-07	0.229284688
3.36E-07	0.229218189
3.37E-07	0.229079465
3.38E-07	0.231366496
3.39E-07	0.234323812
3.40E-07	0.236809287
3.41E-07	0.239829692
3.42E-07	0.244029435
3.43E-07	0.249274427
3.44E-07	0.257179147
3.45E-07	0.264496895
3.46E-07	0.27128335
3.47E-07	0.28043503
3.48E-07	0.292245735
3.49E-07	0.302629148
3.50E-07	0.306744748
3.51E-07	0.314115563
3.52E-07	0.321163845
3.53E-07	0.325366174
3.54E-07	0.339446416
3.55E-07	0.36800558
3.56E-07	0.38685528
3.57E-07	0.387875054
3.58E-07	0.391633807
3.59E-07	0.397654319
3.60E-07	0.395348676
3.61E-07	0.40561301
3.62E-07	0.412804151
3.63E-07	0.421410927
3.64E-07	0.429037978
3.65E-07	0.428259865
3.66E-07	0.422545092
3.67E-07	0.42097075
3.68E-07	0.423379598
3.69E-07	0.42769904
3.70E-07	0.431856475
3.71E-07	0.433779307
3.72E-07	0.431394937
3.73E-07	0.422630766
3.74E-07	0.40832267
3.75E-07	0.402519353
3.76E-07	0.400278502
3.77E-07	0.396048726
3.78E-07	0.393668097
3.79E-07	0.392262211
3.80E-07	0.394378155
3.81E-07	0.398591184
3.82E-07	0.401617186
3.83E-07	0.405092886
3.84E-07	0.410596078
3.85E-07	0.414528633
3.86E-07	0.419826623
3.87E-07	0.424580986
3.88E-07	0.427563737
3.89E-07	0.430546222
3.90E-07	0.432616437
3.91E-07	0.429715796
3.92E-07	0.424952712
3.93E-07	0.415513444
3.94E-07	0.40419341
3.95E-07	0.393602583
3.96E-07	0.382755613
3.97E-07	0.370612261
3.98E-07	0.353895681
3.99E-07	0.333346583
4.00E-07	0.315836114
4.01E-07	0.297740911
4.02E-07	0.273164081
4.03E-07	0.249637952
4.04E-07	0.229540609
4.05E-07	0.205359762
4.06E-07	0.190223596
4.07E-07	0.184915068
4.08E-07	0.174624608
4.09E-07	0.156261919
4.10E-07	0.13141538
4.11E-07	0.101167455
4.12E-07	0.088610465
4.13E-07	0.093872539
4.14E-07	0.091701441
4.15E-07	0.077148018
4.16E-07	0.069288706
4.17E-07	0.052798045
4.18E-07	0.033812451
4.19E-07	0.02644072
4.20E-07	0.027508319
4.21E-07	0.025898557
4.22E-07	0.024334692
4.23E-07	0.024326176
4.24E-07	0.023434658
4.25E-07	0.022538295
4.26E-07	0.022440523
4.27E-07	0.021005202
4.28E-07	0.021009674
4.29E-07	0.020143498
4.30E-07	0.018289556
4.31E-07	0.017971538
4.32E-07	0.017197189
4.33E-07	0.012954185
4.34E-07	0.012745478
4.35E-07	0.01295082
4.36E-07	0.013093964
4.37E-07	0.012300384
4.38E-07	0.011434443
4.39E-07	0.012913201
4.40E-07	0.011593957
4.41E-07	0.011142919
4.42E-07	0.011358907
4.43E-07	0.011283941
4.44E-07	0.011303724
4.45E-07	0.011300481
4.46E-07	0.011300042
4.47E-07	0.011301082
4.48E-07	0.011299073
4.49E-07	0.011304144
4.50E-07	0.011293843
4.51E-07	0.011301493
4.52E-07	0.011351646
4.53E-07	0
4.54E-07	0
4.55E-07	0
4.56E-07	0
4.57E-07	0
4.58E-07	0
4.59E-07	0
4.60E-07	0
4.61E-07	0
4.62E-07	0
4.63E-07	0
4.64E-07	0
4.65E-07	0
4.66E-07	0
4.67E-07	0
4.68E-07	0
4.69E-07	0
4.70E-07	0
4.71E-07	0
4.72E-07	0
4.73E-07	0
4.74E-07	0
4.75E-07	0
4.76E-07	0
4.77E-07	0
4.78E-07	0
4.79E-07	0
4.80E-07	0
4.81E-07	0
4.82E-07	0
4.83E-07	0
4.84E-07	0
4.85E-07	0
4.86E-07	0
4.87E-07	0
4.88E-07	0
4.89E-07	0
4.90E-07	0
4.91E-07	0
4.92E-07	0
4.93E-07	0
4.94E-07	0
4.95E-07	0
4.96E-07	0
4.97E-07	0
4.98E-07	0
4.99E-07	0
5.00E-07	0
5.01E-07	0
5.02E-07	0
5.03E-07	0
5.04E-07	0
5.05E-07	0
5.06E-07	0
5.07E-07	0
5.08E-07	0
5.09E-07	0
5.10E-07	0
5.11E-07	0
5.12E-07	0
5.13E-07	0
5.14E-07	0
5.15E-07	0
5.16E-07	0
5.17E-07	0
5.18E-07	0
5.19E-07	0
5.20E-07	0
5.21E-07	0
5.22E-07	0
5.23E-07	0
5.24E-07	0
5.25E-07	0
5.26E-07	0
5.27E-07	0
5.28E-07	0
5.29E-07	0
5.30E-07	0
5.31E-07	0
5.32E-07	0
5.33E-07	0
5.34E-07	0
5.35E-07	0
5.36E-07	0
5.37E-07	0
5.38E-07	0
5.39E-07	0
5.40E-07	0
5.41E-07	0
5.42E-07	0
5.43E-07	0
5.44E-07	0
5.45E-07	0
5.46E-07	0
5.47E-07	0
5.48E-07	0
5.49E-07	0
5.50E-07	0
5.51E-07	0
5.52E-07	0
5.53E-07	0
5.54E-07	0
5.55E-07	0
5.56E-07	0
5.57E-07	0
5.58E-07	0
5.59E-07	0
5.60E-07	0
5.61E-07	0
5.62E-07	0
5.63E-07	0
5.64E-07	0
5.65E-07	0
5.66E-07	0
5.67E-07	0
5.68E-07	0
5.69E-07	0
5.70E-07	0
5.71E-07	0
5.72E-07	0
5.73E-07	0
5.74E-07	0
5.75E-07	0
5.76E-07	0
5.77E-07	0
5.78E-07	0
5.79E-07	0
5.80E-07	0
5.81E-07	0
5.82E-07	0
5.83E-07	0
5.84E-07	0
5.85E-07	0
5.86E-07	0
5.87E-07	0
5.88E-07	0
5.89E-07	0
5.90E-07	0
5.91E-07	0
5.92E-07	0
5.93E-07	0
5.94E-07	0
5.95E-07	0
5.96E-07	0
5.97E-07	0
5.98E-07	0
5.99E-07	0
6.00E-07	0
6.01E-07	0
6.02E-07	0
6.03E-07	0
6.04E-07	0
6.05E-07	0
6.06E-07	0
6.07E-07	0
6.08E-07	0
6.09E-07	0
6.10E-07	0
6.11E-07	0
6.12E-07	0
6.13E-07	0
6.14E-07	0
6.15E-07	0
6.16E-07	0
6.17E-07	0
6.18E-07	0
6.19E-07	0
6.20E-07	0
6.21E-07	0
6.22E-07	0
6.23E-07	0
6.24E-07	0
6.25E-07	0
6.26E-07	0
6.27E-07	0
6.28E-07	0
6.29E-07	0
6.30E-07	0
6.31E-07	0
6.32E-07	0
6.33E-07	0
6.34E-07	0
6.35E-07	0
6.36E-07	0
6.37E-07	0
6.38E-07	0
6.39E-07	0
6.40E-07	0
6.41E-07	0
6.42E-07	0
6.43E-07	0
6.44E-07	0
6.45E-07	0
6.46E-07	0
6.47E-07	0
6.48E-07	0
6.49E-07	0
6.50E-07	0
6.51E-07	0
6.52E-07	0
6.53E-07	0
6.54E-07	0
6.55E-07	0
6.56E-07	0
6.57E-07	0
6.58E-07	0
6.59E-07	0
6.60E-07	0
6.61E-07	0
6.62E-07	0
6.63E-07	0
6.64E-07	0
6.65E-07	0
6.66E-07	0
6.67E-07	0
6.68E-07	0
6.69E-07	0
6.70E-07	0
6.71E-07	0
6.72E-07	0
6.73E-07	0
6.74E-07	0
6.75E-07	0
6.76E-07	0
6.77E-07	0
6.78E-07	0
6.79E-07	0
6.80E-07	0
6.81E-07	0
6.82E-07	0
6.83E-07	0
6.84E-07	0
6.85E-07	0
6.86E-07	0
6.87E-07	0
6.88E-07	0
6.89E-07	0
6.90E-07	0
6.91E-07	0
6.92E-07	0
6.93E-07	0
6.94E-07	0
6.95E-07	0
6.96E-07	0
6.97E-07	0
6.98E-07	0
6.99E-07	0
7.00E-07	0
7.01E-07	0
7.02E-07	0
7.03E-07	0
7.04E-07	0
7.05E-07	0
7.06E-07	0
7.07E-07	0
7.08E-07	0
7.09E-07	0
7.10E-07	0
7.11E-07	0
7.12E-07	0
7.13E-07	0
7.14E-07	0
7.15E-07	0
7.16E-07	0
7.17E-07	0
7.18E-07	0
7.19E-07	0
7.20E-07	0
7.21E-07	0
7.22E-07	0
7.23E-07	0
7.24E-07	0
7.25E-07	0
7.26E-07	0
7.27E-07	0
7.28E-07	0
7.29E-07	0
7.30E-07	0
7.31E-07	0
7.32E-07	0
7.33E-07	0
7.34E-07	0
7.35E-07	0
7.36E-07	0
7.37E-07	0
7.38E-07	0
7.39E-07	0
7.40E-07	0
7.41E-07	0
7.42E-07	0
7.43E-07	0
7.44E-07	0
7.45E-07	0
7.46E-07	0
7.47E-07	0
7.48E-07	0
7.49E-07	0
7.50E-07	0
7.51E-07	0
7.52E-07	0
7.53E-07	0
7.54E-07	0
7.55E-07	0
7.56E-07	0
7.57E-07	0
7.58E-07	0
7.59E-07	0
7.60E-07	0
7.61E-07	0
7.62E-07	0
7.63E-07	0
7.64E-07	0
7.65E-07	0
7.66E-07	0
7.67E-07	0
7.68E-07	0
7.69E-07	0
7.70E-07	0
7.71E-07	0
7.72E-07	0
7.73E-07	0
7.74E-07	0
7.75E-07	0
7.76E-07	0
7.77E-07	0
7.78E-07	0
7.79E-07	0
7.80E-07	0
7.81E-07	0
7.82E-07	0
7.83E-07	0
7.84E-07	0
7.85E-07	0
7.86E-07	0
7.87E-07	0
7.88E-07	0
7.89E-07	0
7.90E-07	0
7.91E-07	0
7.92E-07	0
7.93E-07	0
7.94E-07	0
7.95E-07	0
7.96E-07	0
7.97E-07	0
7.98E-07	0
7.99E-07	0
8.00E-07	0
