3.00E-07	1.60934
3.01E-07	1.61564
3.02E-07	1.61693
3.03E-07	1.61907
3.04E-07	1.62163
3.05E-07	1.62328
3.06E-07	1.62558
3.07E-07	1.62722
3.08E-07	1.62978
3.09E-07	1.63295
3.10E-07	1.63682
3.11E-07	1.64182
3.12E-07	1.64755
3.13E-07	1.65329
3.14E-07	1.65748
3.15E-07	1.66059
3.16E-07	1.66303
3.17E-07	1.6654
3.18E-07	1.66825
3.19E-07	1.67053
3.20E-07	1.67232
3.21E-07	1.67369
3.22E-07	1.67448
3.23E-07	1.67504
3.24E-07	1.67556
3.25E-07	1.67554
3.26E-07	1.67563
3.27E-07	1.67493
3.28E-07	1.6734
3.29E-07	1.67166
3.30E-07	1.67
3.31E-07	1.66833
3.32E-07	1.66575
3.33E-07	1.66205
3.34E-07	1.65799
3.35E-07	1.65411
3.36E-07	1.65008
3.37E-07	1.64554
3.38E-07	1.64109
3.39E-07	1.63606
3.40E-07	1.63134
3.41E-07	1.62653
3.42E-07	1.62079
3.43E-07	1.61518
3.44E-07	1.60834
3.45E-07	1.60291
3.46E-07	1.59985
3.47E-07	1.59938
3.48E-07	1.60073
3.49E-07	1.60183
3.50E-07	1.60319
3.51E-07	1.60223
3.52E-07	1.60011
3.53E-07	1.59892
3.54E-07	1.59944
3.55E-07	1.60181
3.56E-07	1.60419
3.57E-07	1.60575
3.58E-07	1.60852
3.59E-07	1.61334
3.60E-07	1.61922
3.61E-07	1.62545
3.62E-07	1.63162
3.63E-07	1.63905
3.64E-07	1.64602
3.65E-07	1.65962
3.66E-07	1.6819
3.67E-07	1.70375
3.68E-07	1.72618
3.69E-07	1.7386
3.70E-07	1.74735
3.71E-07	1.75728
3.72E-07	1.76675
3.73E-07	1.77569
3.74E-07	1.78317
3.75E-07	1.78908
3.76E-07	1.79432
3.77E-07	1.79916
3.78E-07	1.80356
3.79E-07	1.8074
3.80E-07	1.8102
3.81E-07	1.81345
3.82E-07	1.81705
3.83E-07	1.82191
3.84E-07	1.82872
3.85E-07	1.83682
3.86E-07	1.84588
3.87E-07	1.85476
3.88E-07	1.86503
3.89E-07	1.8776
3.90E-07	1.89273
3.91E-07	1.90989
3.92E-07	1.92683
3.93E-07	1.9437
3.94E-07	1.96099
3.95E-07	1.97878
3.96E-07	1.99701
3.97E-07	2.01492
3.98E-07	2.03076
3.99E-07	2.04375
4.00E-07	2.05398
4.01E-07	2.06103
4.02E-07	2.06491
4.03E-07	2.06602
4.04E-07	2.06482
4.05E-07	2.06358
4.06E-07	2.0629
4.07E-07	2.06238
4.08E-07	2.06179
4.09E-07	2.06124
4.10E-07	2.06068
4.11E-07	2.05971
4.12E-07	2.05752
4.13E-07	2.05354
4.14E-07	2.04905
4.15E-07	2.04327
4.16E-07	2.03314
4.17E-07	2.02193
4.18E-07	2.0066
4.19E-07	1.99246
4.20E-07	1.98089
4.21E-07	1.96987
4.22E-07	1.96158
4.23E-07	1.95312
4.24E-07	1.94499
4.25E-07	1.93742
4.26E-07	1.93034
4.27E-07	1.9236
4.28E-07	1.91683
4.29E-07	1.91056
4.30E-07	1.90476
4.31E-07	1.8995
4.32E-07	1.89443
4.33E-07	1.88942
4.34E-07	1.88496
4.35E-07	1.881
4.36E-07	1.87706
4.37E-07	1.87312
4.38E-07	1.86911
4.39E-07	1.86528
4.40E-07	1.86194
4.41E-07	1.85856
4.42E-07	1.85509
4.43E-07	1.85211
4.44E-07	1.84922
4.45E-07	1.84667
4.46E-07	1.84504
4.47E-07	1.84278
4.48E-07	1.84056
4.49E-07	1.83791
4.50E-07	1.83518
4.51E-07	1.8332
4.52E-07	1.83071
4.53E-07	1.82558
4.54E-07	1.82093
4.55E-07	1.81641
4.56E-07	1.8143
4.57E-07	1.81485
4.58E-07	1.81549
4.59E-07	1.81723
4.60E-07	1.81807
4.61E-07	1.81788
4.62E-07	1.8167
4.63E-07	1.81485
4.64E-07	1.81324
4.65E-07	1.81213
4.66E-07	1.81096
4.67E-07	1.81018
4.68E-07	1.80981
4.69E-07	1.80888
4.70E-07	1.80709
4.71E-07	1.80541
4.72E-07	1.80355
4.73E-07	1.80312
4.74E-07	1.80313
4.75E-07	1.80207
4.76E-07	1.79937
4.77E-07	1.79478
4.78E-07	1.79012
4.79E-07	1.78659
4.80E-07	1.78523
4.81E-07	1.78469
4.82E-07	1.78347
4.83E-07	1.78236
4.84E-07	1.78066
4.85E-07	1.77933
4.86E-07	1.77836
4.87E-07	1.77695
4.88E-07	1.77531
4.89E-07	1.77422
4.90E-07	1.77298
4.91E-07	1.77286
4.92E-07	1.77231
4.93E-07	1.77103
4.94E-07	1.76988
4.95E-07	1.76878
4.96E-07	1.76882
4.97E-07	1.76798
4.98E-07	1.76671
4.99E-07	1.76563
5.00E-07	1.76449
5.01E-07	1.76336
5.02E-07	1.76225
5.03E-07	1.76103
5.04E-07	1.76033
5.05E-07	1.75958
5.06E-07	1.75841
5.07E-07	1.75725
5.08E-07	1.7555
5.09E-07	1.7547
5.10E-07	1.75441
5.11E-07	1.75513
5.12E-07	1.75709
5.13E-07	1.75868
5.14E-07	1.75927
5.15E-07	1.75946
5.16E-07	1.75862
5.17E-07	1.75762
5.18E-07	1.75716
5.19E-07	1.75658
5.20E-07	1.75601
5.21E-07	1.75547
5.22E-07	1.75483
5.23E-07	1.75453
5.24E-07	1.7546
5.25E-07	1.75458
5.26E-07	1.75458
5.27E-07	1.75464
5.28E-07	1.75426
5.29E-07	1.75353
5.30E-07	1.75191
5.31E-07	1.74886
5.32E-07	1.74547
5.33E-07	1.74244
5.34E-07	1.7407
5.35E-07	1.74036
5.36E-07	1.74032
5.37E-07	1.73961
5.38E-07	1.73847
5.39E-07	1.7373
5.40E-07	1.73651
5.41E-07	1.7363
5.42E-07	1.73636
5.43E-07	1.73634
5.44E-07	1.73634
5.45E-07	1.73638
5.46E-07	1.73603
5.47E-07	1.73511
5.48E-07	1.73389
5.49E-07	1.73284
5.50E-07	1.7323
5.51E-07	1.73228
5.52E-07	1.73229
5.53E-07	1.73233
5.54E-07	1.73218
5.55E-07	1.73146
5.56E-07	1.7303
5.57E-07	1.72913
5.58E-07	1.72838
5.59E-07	1.72821
5.60E-07	1.72822
5.61E-07	1.72829
5.62E-07	1.72825
5.63E-07	1.72659
5.64E-07	1.72518
5.65E-07	1.72462
5.66E-07	1.7254
5.67E-07	1.72724
5.68E-07	1.72824
5.69E-07	1.72771
5.70E-07	1.72709
5.71E-07	1.7265
5.72E-07	1.72615
5.73E-07	1.72622
5.74E-07	1.72621
5.75E-07	1.72621
5.76E-07	1.72621
5.77E-07	1.72622
5.78E-07	1.7262
5.79E-07	1.72623
5.80E-07	1.7262
5.81E-07	1.72564
5.82E-07	1.72506
5.83E-07	1.72447
5.84E-07	1.724
5.85E-07	1.7232
5.86E-07	1.72135
5.87E-07	1.71908
5.88E-07	1.71719
5.89E-07	1.71624
5.90E-07	1.71605
5.91E-07	1.71608
5.92E-07	1.71608
5.93E-07	1.71608
5.94E-07	1.71608
5.95E-07	1.71607
5.96E-07	1.71611
5.97E-07	1.71599
5.98E-07	1.71531
5.99E-07	1.71417
6.00E-07	1.71299
6.01E-07	1.7122
6.02E-07	1.71198
6.03E-07	1.71203
6.04E-07	1.71202
6.05E-07	1.71202
6.06E-07	1.71202
6.07E-07	1.71203
6.08E-07	1.71201
6.09E-07	1.71205
6.10E-07	1.71199
6.11E-07	1.71197
6.12E-07	1.71359
6.13E-07	1.71493
6.14E-07	1.71604
6.15E-07	1.71543
6.16E-07	1.71221
6.17E-07	1.70944
6.18E-07	1.70746
6.19E-07	1.70783
6.20E-07	1.7099
6.21E-07	1.71209
6.22E-07	1.71355
6.23E-07	1.71405
6.24E-07	1.71406
6.25E-07	1.71404
6.26E-07	1.71405
6.27E-07	1.71405
6.28E-07	1.71405
6.29E-07	1.71405
6.30E-07	1.71405
6.31E-07	1.71405
6.32E-07	1.71405
6.33E-07	1.71405
6.34E-07	1.71405
6.35E-07	1.71405
6.36E-07	1.71404
6.37E-07	1.71409
6.38E-07	1.71383
6.39E-07	1.71285
6.40E-07	1.71078
6.41E-07	1.7079
6.42E-07	1.70557
6.43E-07	1.70422
6.44E-07	1.70353
6.45E-07	1.703
6.46E-07	1.70243
6.47E-07	1.70186
6.48E-07	1.7013
6.49E-07	1.70075
6.50E-07	1.70011
6.51E-07	1.69981
6.52E-07	1.69988
6.53E-07	1.69986
6.54E-07	1.69986
6.55E-07	1.69986
6.56E-07	1.69986
6.57E-07	1.69986
6.58E-07	1.69986
6.59E-07	1.69986
6.60E-07	1.69986
6.61E-07	1.69986
6.62E-07	1.69987
6.63E-07	1.69985
6.64E-07	1.69989
6.65E-07	1.69983
6.66E-07	1.6989
6.67E-07	1.69674
6.68E-07	1.69463
6.69E-07	1.69381
6.70E-07	1.69515
6.71E-07	1.6982
6.72E-07	1.70047
6.73E-07	1.70018
6.74E-07	1.69909
6.75E-07	1.69776
6.76E-07	1.69722
6.77E-07	1.69789
6.78E-07	1.69785
6.79E-07	1.69782
6.80E-07	1.69784
6.81E-07	1.69783
6.82E-07	1.69784
6.83E-07	1.69784
6.84E-07	1.69784
6.85E-07	1.69782
6.86E-07	1.69789
6.87E-07	1.69757
6.88E-07	1.69695
6.89E-07	1.69638
6.90E-07	1.69582
6.91E-07	1.69577
6.92E-07	1.6959
6.93E-07	1.69545
6.94E-07	1.69515
6.95E-07	1.69499
6.96E-07	1.69379
6.97E-07	1.69326
6.98E-07	1.69215
6.99E-07	1.69163
7.00E-07	1.69179
7.01E-07	1.69175
7.02E-07	1.69176
7.03E-07	1.69176
7.04E-07	1.69176
7.05E-07	1.69176
7.06E-07	1.69175
7.07E-07	1.69176
7.08E-07	1.69176
7.09E-07	1.69175
7.10E-07	1.69181
7.11E-07	1.69145
7.12E-07	1.69081
7.13E-07	1.69028
7.14E-07	1.6897
7.15E-07	1.6891
7.16E-07	1.68902
7.17E-07	1.68905
7.18E-07	1.68909
7.19E-07	1.68896
7.20E-07	1.68833
7.21E-07	1.68774
7.22E-07	1.68767
7.23E-07	1.68771
7.24E-07	1.6877
7.25E-07	1.6877
7.26E-07	1.68771
7.27E-07	1.68773
7.28E-07	1.68723
7.29E-07	1.68664
7.30E-07	1.68603
7.31E-07	1.68562
7.32E-07	1.68568
7.33E-07	1.68568
7.34E-07	1.68567
7.35E-07	1.68568
7.36E-07	1.68568
7.37E-07	1.68568
7.38E-07	1.68568
7.39E-07	1.68568
7.40E-07	1.68568
7.41E-07	1.68568
7.42E-07	1.68568
7.43E-07	1.68568
7.44E-07	1.68568
7.45E-07	1.68568
7.46E-07	1.68567
7.47E-07	1.68568
7.48E-07	1.68566
7.49E-07	1.68571
7.50E-07	1.68562
7.51E-07	1.68503
7.52E-07	1.68447
7.53E-07	1.68384
7.54E-07	1.68359
7.55E-07	1.68366
7.56E-07	1.68365
7.57E-07	1.68365
7.58E-07	1.68365
7.59E-07	1.68365
7.60E-07	1.68365
7.61E-07	1.68365
7.62E-07	1.68365
7.63E-07	1.68365
7.64E-07	1.68365
7.65E-07	1.68365
7.66E-07	1.68365
7.67E-07	1.68365
7.68E-07	1.68365
7.69E-07	1.68365
7.70E-07	1.68365
7.71E-07	1.68365
7.72E-07	1.68365
7.73E-07	1.68365
7.74E-07	1.68364
7.75E-07	1.68365
7.76E-07	1.68369
7.77E-07	1.68321
7.78E-07	1.68262
7.79E-07	1.682
7.80E-07	1.6816
7.81E-07	1.68161
7.82E-07	1.68105
7.83E-07	1.68045
7.84E-07	1.67991
7.85E-07	1.67932
7.86E-07	1.6788
7.87E-07	1.67818
7.88E-07	1.67702
7.89E-07	1.67638
7.90E-07	1.6758
7.91E-07	1.67548
7.92E-07	1.67556
7.93E-07	1.67554
7.94E-07	1.67554
7.95E-07	1.67554
7.96E-07	1.67554
7.97E-07	1.67554
7.98E-07	1.67554
7.99E-07	1.67554
8.00E-07	1.67554
