3.00E-07	2.12362
3.01E-07	2.12033
3.02E-07	2.11767
3.03E-07	2.11562
3.04E-07	2.11318
3.05E-07	2.10953
3.06E-07	2.10714
3.07E-07	2.10461
3.08E-07	2.10176
3.09E-07	2.09711
3.10E-07	2.09318
3.11E-07	2.08971
3.12E-07	2.08393
3.13E-07	2.07938
3.14E-07	2.0758
3.15E-07	2.07253
3.16E-07	2.07029
3.17E-07	2.06896
3.18E-07	2.0659
3.19E-07	2.06288
3.20E-07	2.05994
3.21E-07	2.05595
3.22E-07	2.05258
3.23E-07	2.05126
3.24E-07	2.05033
3.25E-07	2.04965
3.26E-07	2.04989
3.27E-07	2.05072
3.28E-07	2.05235
3.29E-07	2.05517
3.30E-07	2.05862
3.31E-07	2.06456
3.32E-07	2.07135
3.33E-07	2.07931
3.34E-07	2.08903
3.35E-07	2.09944
3.36E-07	2.11005
3.37E-07	2.12102
3.38E-07	2.13301
3.39E-07	2.14485
3.40E-07	2.15654
3.41E-07	2.16762
3.42E-07	2.17848
3.43E-07	2.18876
3.44E-07	2.19879
3.45E-07	2.20737
3.46E-07	2.21576
3.47E-07	2.22372
3.48E-07	2.23041
3.49E-07	2.23556
3.50E-07	2.24018
3.51E-07	2.24442
3.52E-07	2.24749
3.53E-07	2.25002
3.54E-07	2.25198
3.55E-07	2.25378
3.56E-07	2.25441
3.57E-07	2.25483
3.58E-07	2.25427
3.59E-07	2.25359
3.60E-07	2.25204
3.61E-07	2.25042
3.62E-07	2.24858
3.63E-07	2.24673
3.64E-07	2.24467
3.65E-07	2.2426
3.66E-07	2.24048
3.67E-07	2.23835
3.68E-07	2.23656
3.69E-07	2.23485
3.70E-07	2.23296
3.71E-07	2.231
3.72E-07	2.22906
3.73E-07	2.22713
3.74E-07	2.22489
3.75E-07	2.22226
3.76E-07	2.21959
3.77E-07	2.21684
3.78E-07	2.21405
3.79E-07	2.2109
3.80E-07	2.20776
3.81E-07	2.20557
3.82E-07	2.20348
3.83E-07	2.20142
3.84E-07	2.19936
3.85E-07	2.1968
3.86E-07	2.19347
3.87E-07	2.19023
3.88E-07	2.18771
3.89E-07	2.18519
3.90E-07	2.18283
3.91E-07	2.1805
3.92E-07	2.17847
3.93E-07	2.1768
3.94E-07	2.17509
3.95E-07	2.17282
3.96E-07	2.17054
3.97E-07	2.16847
3.98E-07	2.16651
3.99E-07	2.16454
4.00E-07	2.16258
4.01E-07	2.16062
4.02E-07	2.15797
4.03E-07	2.15509
4.04E-07	2.15239
4.05E-07	2.15018
4.06E-07	2.14796
4.07E-07	2.14564
4.08E-07	2.14328
4.09E-07	2.14097
4.10E-07	2.13887
4.11E-07	2.13678
4.12E-07	2.13528
4.13E-07	2.13419
4.14E-07	2.1331
4.15E-07	2.13188
4.16E-07	2.13065
4.17E-07	2.12942
4.18E-07	2.12821
4.19E-07	2.12699
4.20E-07	2.1258
4.21E-07	2.12462
4.22E-07	2.12344
4.23E-07	2.12227
4.24E-07	2.12111
4.25E-07	2.11994
4.26E-07	2.11879
4.27E-07	2.11764
4.28E-07	2.1165
4.29E-07	2.11536
4.30E-07	2.11422
4.31E-07	2.11336
4.32E-07	2.11277
4.33E-07	2.11219
4.34E-07	2.11193
4.35E-07	2.11187
4.36E-07	2.11181
4.37E-07	2.11174
4.38E-07	2.11166
4.39E-07	2.11159
4.40E-07	2.11151
4.41E-07	2.11144
4.42E-07	2.11136
4.43E-07	2.11129
4.44E-07	2.11122
4.45E-07	2.11115
4.46E-07	2.11042
4.47E-07	2.10948
4.48E-07	2.10854
4.49E-07	2.1081
4.50E-07	2.1079
4.51E-07	2.1077
4.52E-07	2.10757
4.53E-07	2.1075
4.54E-07	2.10744
4.55E-07	2.10722
4.56E-07	2.10678
4.57E-07	2.10634
4.58E-07	2.10594
4.59E-07	2.1057
4.60E-07	2.10546
4.61E-07	2.10522
4.62E-07	2.10474
4.63E-07	2.10425
4.64E-07	2.10376
4.65E-07	2.10324
4.66E-07	2.1027
4.67E-07	2.10217
4.68E-07	2.10164
4.69E-07	2.10111
4.70E-07	2.10058
4.71E-07	2.10006
4.72E-07	2.09995
4.73E-07	2.09988
4.74E-07	2.09982
4.75E-07	2.09958
4.76E-07	2.09913
4.77E-07	2.09868
4.78E-07	2.09823
4.79E-07	2.09764
4.80E-07	2.09705
4.81E-07	2.09646
4.82E-07	2.09609
4.83E-07	2.09602
4.84E-07	2.09595
4.85E-07	2.09588
4.86E-07	2.09551
4.87E-07	2.09507
4.88E-07	2.09463
4.89E-07	2.09418
4.90E-07	2.09363
4.91E-07	2.09309
4.92E-07	2.09255
4.93E-07	2.09203
4.94E-07	2.09156
4.95E-07	2.09108
4.96E-07	2.0906
4.97E-07	2.09016
4.98E-07	2.08974
4.99E-07	2.08931
5.00E-07	2.08889
5.01E-07	2.08839
5.02E-07	2.08789
5.03E-07	2.08739
5.04E-07	2.08689
5.05E-07	2.08643
5.06E-07	2.08598
5.07E-07	2.08553
5.08E-07	2.08508
5.09E-07	2.08464
5.10E-07	2.0842
5.11E-07	2.08376
5.12E-07	2.08329
5.13E-07	2.08226
5.14E-07	2.08123
5.15E-07	2.0802
5.16E-07	2.07918
5.17E-07	2.07834
5.18E-07	2.07751
5.19E-07	2.07667
5.20E-07	2.07584
5.21E-07	2.07493
5.22E-07	2.07401
5.23E-07	2.0731
5.24E-07	2.07218
5.25E-07	2.07111
5.26E-07	2.06995
5.27E-07	2.0688
5.28E-07	2.06765
5.29E-07	2.06656
5.30E-07	2.06556
5.31E-07	2.06457
5.32E-07	2.06358
5.33E-07	2.0626
5.34E-07	2.06173
5.35E-07	2.06086
5.36E-07	2.06
5.37E-07	2.05913
5.38E-07	2.05827
5.39E-07	2.05742
5.40E-07	2.05656
5.41E-07	2.05571
5.42E-07	2.05484
5.43E-07	2.05389
5.44E-07	2.05294
5.45E-07	2.05198
5.46E-07	2.05103
5.47E-07	2.05022
5.48E-07	2.0495
5.49E-07	2.04879
5.50E-07	2.04807
5.51E-07	2.04736
5.52E-07	2.04643
5.53E-07	2.0455
5.54E-07	2.04456
5.55E-07	2.04363
5.56E-07	2.04275
5.57E-07	2.04208
5.58E-07	2.0414
5.59E-07	2.04073
5.60E-07	2.04005
5.61E-07	2.03933
5.62E-07	2.03854
5.63E-07	2.03776
5.64E-07	2.03697
5.65E-07	2.03619
5.66E-07	2.03541
5.67E-07	2.03464
5.68E-07	2.03386
5.69E-07	2.03309
5.70E-07	2.03232
5.71E-07	2.03155
5.72E-07	2.0308
5.73E-07	2.03004
5.74E-07	2.02928
5.75E-07	2.02852
5.76E-07	2.02777
5.77E-07	2.02702
5.78E-07	2.02628
5.79E-07	2.02553
5.80E-07	2.02479
5.81E-07	2.0241
5.82E-07	2.0235
5.83E-07	2.02291
5.84E-07	2.02231
5.85E-07	2.02171
5.86E-07	2.02111
5.87E-07	2.0205
5.88E-07	2.01988
5.89E-07	2.01927
5.90E-07	2.01866
5.91E-07	2.01804
5.92E-07	2.01738
5.93E-07	2.01671
5.94E-07	2.01603
5.95E-07	2.01536
5.96E-07	2.01469
5.97E-07	2.01402
5.98E-07	2.01336
5.99E-07	2.0127
6.00E-07	2.01204
6.01E-07	2.01138
6.02E-07	2.01072
6.03E-07	2.01024
6.04E-07	2.00979
6.05E-07	2.00934
6.06E-07	2.00889
6.07E-07	2.00844
6.08E-07	2.00795
6.09E-07	2.00734
6.10E-07	2.00672
6.11E-07	2.0061
6.12E-07	2.00549
6.13E-07	2.00487
6.14E-07	2.0043
6.15E-07	2.00378
6.16E-07	2.00326
6.17E-07	2.00274
6.18E-07	2.00221
6.19E-07	2.00169
6.20E-07	2.00118
6.21E-07	2.00067
6.22E-07	2.00016
6.23E-07	1.99965
6.24E-07	1.99914
6.25E-07	1.99863
6.26E-07	1.99807
6.27E-07	1.99749
6.28E-07	1.9969
6.29E-07	1.99631
6.30E-07	1.99572
6.31E-07	1.99513
6.32E-07	1.99465
6.33E-07	1.99424
6.34E-07	1.99383
6.35E-07	1.99343
6.36E-07	1.99302
6.37E-07	1.99261
6.38E-07	1.99222
6.39E-07	1.99187
6.40E-07	1.99152
6.41E-07	1.99117
6.42E-07	1.99081
6.43E-07	1.99046
6.44E-07	1.9901
6.45E-07	1.9897
6.46E-07	1.9893
6.47E-07	1.9889
6.48E-07	1.9885
6.49E-07	1.9881
6.50E-07	1.9877
6.51E-07	1.98713
6.52E-07	1.98646
6.53E-07	1.98578
6.54E-07	1.9851
6.55E-07	1.98443
6.56E-07	1.98375
6.57E-07	1.98309
6.58E-07	1.98287
6.59E-07	1.98265
6.60E-07	1.98243
6.61E-07	1.98221
6.62E-07	1.98199
6.63E-07	1.98177
6.64E-07	1.98143
6.65E-07	1.98083
6.66E-07	1.98022
6.67E-07	1.97962
6.68E-07	1.97902
6.69E-07	1.97841
6.70E-07	1.97781
6.71E-07	1.97719
6.72E-07	1.97655
6.73E-07	1.97591
6.74E-07	1.97527
6.75E-07	1.97463
6.76E-07	1.97399
6.77E-07	1.97335
6.78E-07	1.97272
6.79E-07	1.97209
6.80E-07	1.97147
6.81E-07	1.97084
6.82E-07	1.97021
6.83E-07	1.96958
6.84E-07	1.96896
6.85E-07	1.96843
6.86E-07	1.9681
6.87E-07	1.96778
6.88E-07	1.96746
6.89E-07	1.96713
6.90E-07	1.96681
6.91E-07	1.96649
6.92E-07	1.96617
6.93E-07	1.96586
6.94E-07	1.96556
6.95E-07	1.96526
6.96E-07	1.96496
6.97E-07	1.96466
6.98E-07	1.96436
6.99E-07	1.96406
7.00E-07	1.96388
7.01E-07	1.9638
7.02E-07	1.96371
7.03E-07	1.96363
7.04E-07	1.96354
7.05E-07	1.96346
7.06E-07	1.96338
7.07E-07	1.96329
7.08E-07	1.96288
7.09E-07	1.96245
7.10E-07	1.96202
7.11E-07	1.96159
7.12E-07	1.96116
7.13E-07	1.96073
7.14E-07	1.9603
7.15E-07	1.95992
7.16E-07	1.95978
7.17E-07	1.95965
7.18E-07	1.95951
7.19E-07	1.95937
7.20E-07	1.95923
7.21E-07	1.9591
7.22E-07	1.95896
7.23E-07	1.95879
7.24E-07	1.95851
7.25E-07	1.95824
7.26E-07	1.95796
7.27E-07	1.95768
7.28E-07	1.95741
7.29E-07	1.95713
7.30E-07	1.95685
7.31E-07	1.95657
7.32E-07	1.95623
7.33E-07	1.95589
7.34E-07	1.95555
7.35E-07	1.95521
7.36E-07	1.95487
7.37E-07	1.95453
7.38E-07	1.95419
7.39E-07	1.95385
7.40E-07	1.95337
7.41E-07	1.95283
7.42E-07	1.9523
7.43E-07	1.95177
7.44E-07	1.95124
7.45E-07	1.95071
7.46E-07	1.95018
7.47E-07	1.94965
7.48E-07	1.94917
7.49E-07	1.94885
7.50E-07	1.94853
7.51E-07	1.9482
7.52E-07	1.94788
7.53E-07	1.94756
7.54E-07	1.94724
7.55E-07	1.94692
7.56E-07	1.9466
7.57E-07	1.94635
7.58E-07	1.94617
7.59E-07	1.94598
7.60E-07	1.9458
7.61E-07	1.94562
7.62E-07	1.94543
7.63E-07	1.94525
7.64E-07	1.94506
7.65E-07	1.94488
7.66E-07	1.94461
7.67E-07	1.9443
7.68E-07	1.94398
7.69E-07	1.94366
7.70E-07	1.94334
7.71E-07	1.94303
7.72E-07	1.94271
7.73E-07	1.94239
7.74E-07	1.94207
7.75E-07	1.9418
7.76E-07	1.94157
7.77E-07	1.94133
7.78E-07	1.9411
7.79E-07	1.94087
7.80E-07	1.94064
7.81E-07	1.94041
7.82E-07	1.94017
7.83E-07	1.93994
7.84E-07	1.93971
7.85E-07	1.93946
7.86E-07	1.93921
7.87E-07	1.93896
7.88E-07	1.93872
7.89E-07	1.93847
7.90E-07	1.93822
7.91E-07	1.93797
7.92E-07	1.93772
7.93E-07	1.93747
7.94E-07	1.93723
7.95E-07	1.937
7.96E-07	1.93677
7.97E-07	1.93654
7.98E-07	1.93631
7.99E-07	1.93607
8.00E-07	1.93584
